

det:2 size 2
[[ 1, 0]
[ 0, 2]]


det:5 size 4
[[ 1, 0, 0, 0]
[ 0, 1, 0, 0]
[ 0, 0, 1, 0]
[ 0, 3, 3, 5]]


det:6 size 4
[[ 1, 0, 0, 0]
[ 0, 1, 0, 0]
[ 0, 1, 3, 0]
[ 1, 0, 0, 2]]


det:7 size 4
[[ 1, 0, 0, 0]
[ 0, 1, 0, 0]
[ 0, 0, 1, 0]
[ 0, 2, 5, 7]]


det:4 size 6
[[ 1, 0, 0, 0, 0, 0]
[ 0, 1, 0, 0, 0, 0]
[ 0, 0, 1, 0, 0, 0]
[ 0, 0, 0, 1, 0, 0]
[ 0, 0, 0, 1, 2, 0]
[ 0, 0, 0, 0, 1, 2]]


det:4 size 6
[[ 1, 0, 0, 0, 0, 0]
[ 0, 1, 0, 0, 0, 0]
[ 0, 0, 1, 0, 0, 0]
[ 0, 0, 0, 1, 0, 0]
[ 0, 0, 0, 0, 1, 0]
[ 1, 1, 1, 1, 1, 4]]


det:5 size 6
[[ 1, 0, 0, 0, 0, 0]
[ 0, 1, 0, 0, 0, 0]
[ 0, 0, 1, 0, 0, 0]
[ 0, 0, 0, 1, 0, 0]
[ 0, 0, 0, 0, 1, 0]
[ 1, 1, 1, 4, 4, 5]]


det:6 size 6
[[ 1, 0, 0, 0, 0, 0]
[ 0, 1, 0, 0, 0, 0]
[ 0, 0, 1, 0, 0, 0]
[ 0, 0, 0, 1, 0, 0]
[ 0, 0, 1, 1, 2, 0]
[ 0, 0, 0, 2, 2, 3]]


det:6 size 6
[[ 1, 0, 0, 0, 0, 0]
[ 0, 1, 0, 0, 0, 0]
[ 0, 0, 1, 0, 0, 0]
[ 0, 0, 0, 1, 0, 0]
[ 0, 1, 1, 1, 2, 0]
[ 0, 0, 2, 2, 0, 3]]


det:6 size 6
[[ 1, 0, 0, 0, 0, 0]
[ 0, 1, 0, 0, 0, 0]
[ 0, 0, 1, 0, 0, 0]
[ 0, 0, 0, 1, 0, 0]
[ 0, 1, 1, 1, 2, 0]
[ 1, 0, 1, 1, 1, 3]]


det:6 size 6
[[ 1, 0, 0, 0, 0, 0]
[ 0, 1, 0, 0, 0, 0]
[ 0, 0, 1, 0, 0, 0]
[ 0, 0, 0, 1, 0, 0]
[ 1, 1, 1, 1, 2, 0]
[ 0, 1, 1, 1, 2, 3]]


det:6 size 6
[[ 1, 0, 0, 0, 0, 0]
[ 0, 1, 0, 0, 0, 0]
[ 0, 0, 1, 0, 0, 0]
[ 0, 0, 0, 1, 0, 0]
[ 0, 1, 1, 1, 3, 0]
[ 0, 0, 0, 1, 1, 2]]


det:6 size 6
[[ 1, 0, 0, 0, 0, 0]
[ 0, 1, 0, 0, 0, 0]
[ 0, 0, 1, 0, 0, 0]
[ 0, 0, 0, 1, 0, 0]
[ 0, 2, 2, 2, 3, 0]
[ 1, 0, 0, 0, 1, 2]]


det:6 size 6
[[ 1, 0, 0, 0, 0, 0]
[ 0, 1, 0, 0, 0, 0]
[ 0, 0, 1, 0, 0, 0]
[ 0, 0, 0, 1, 0, 0]
[ 0, 0, 0, 0, 1, 0]
[ 0, 0, 1, 1, 3, 6]]


det:6 size 6
[[ 1, 0, 0, 0, 0, 0]
[ 0, 1, 0, 0, 0, 0]
[ 0, 0, 1, 0, 0, 0]
[ 0, 0, 0, 1, 0, 0]
[ 0, 0, 0, 0, 1, 0]
[ 0, 4, 4, 5, 5, 6]]


det:6 size 6
[[ 1, 0, 0, 0, 0, 0]
[ 0, 1, 0, 0, 0, 0]
[ 0, 0, 1, 0, 0, 0]
[ 0, 0, 0, 1, 0, 0]
[ 0, 0, 0, 0, 1, 0]
[ 2, 3, 4, 4, 5, 6]]


det:7 size 6
[[ 1, 0, 0, 0, 0, 0]
[ 0, 1, 0, 0, 0, 0]
[ 0, 0, 1, 0, 0, 0]
[ 0, 0, 0, 1, 0, 0]
[ 0, 0, 0, 0, 1, 0]
[ 0, 0, 3, 5, 5, 7]]


det:7 size 6
[[ 1, 0, 0, 0, 0, 0]
[ 0, 1, 0, 0, 0, 0]
[ 0, 0, 1, 0, 0, 0]
[ 0, 0, 0, 1, 0, 0]
[ 0, 0, 0, 0, 1, 0]
[ 0, 2, 5, 5, 5, 7]]


det:7 size 6
[[ 1, 0, 0, 0, 0, 0]
[ 0, 1, 0, 0, 0, 0]
[ 0, 0, 1, 0, 0, 0]
[ 0, 0, 0, 1, 0, 0]
[ 0, 0, 0, 0, 1, 0]
[ 1, 2, 2, 3, 3, 7]]


det:7 size 6
[[ 1, 0, 0, 0, 0, 0]
[ 0, 1, 0, 0, 0, 0]
[ 0, 0, 1, 0, 0, 0]
[ 0, 0, 0, 1, 0, 0]
[ 0, 0, 0, 0, 1, 0]
[ 2, 3, 3, 3, 3, 7]]


det:3 size 8
[[ 1, 0, 0, 0, 0, 0, 0, 0]
[ 0, 1, 0, 0, 0, 0, 0, 0]
[ 0, 0, 1, 0, 0, 0, 0, 0]
[ 0, 0, 0, 1, 0, 0, 0, 0]
[ 0, 0, 0, 0, 1, 0, 0, 0]
[ 0, 0, 0, 0, 0, 1, 0, 0]
[ 0, 0, 0, 0, 0, 0, 1, 0]
[ 0, 0, 0, 0, 0, 0, 1, 3]]


det:4 size 8
[[ 1, 0, 0, 0, 0, 0, 0, 0]
[ 0, 1, 0, 0, 0, 0, 0, 0]
[ 0, 0, 1, 0, 0, 0, 0, 0]
[ 0, 0, 0, 1, 0, 0, 0, 0]
[ 0, 0, 0, 0, 1, 0, 0, 0]
[ 0, 0, 0, 0, 0, 1, 0, 0]
[ 0, 0, 1, 1, 1, 1, 2, 0]
[ 0, 0, 0, 0, 1, 1, 1, 2]]


det:4 size 8
[[ 1, 0, 0, 0, 0, 0, 0, 0]
[ 0, 1, 0, 0, 0, 0, 0, 0]
[ 0, 0, 1, 0, 0, 0, 0, 0]
[ 0, 0, 0, 1, 0, 0, 0, 0]
[ 0, 0, 0, 0, 1, 0, 0, 0]
[ 0, 0, 0, 0, 0, 1, 0, 0]
[ 1, 1, 1, 1, 1, 1, 2, 0]
[ 0, 1, 1, 1, 1, 1, 1, 2]]


det:4 size 8
[[ 1, 0, 0, 0, 0, 0, 0, 0]
[ 0, 1, 0, 0, 0, 0, 0, 0]
[ 0, 0, 1, 0, 0, 0, 0, 0]
[ 0, 0, 0, 1, 0, 0, 0, 0]
[ 0, 0, 0, 0, 1, 0, 0, 0]
[ 0, 0, 0, 0, 0, 1, 0, 0]
[ 0, 0, 0, 0, 0, 0, 1, 0]
[ 1, 1, 1, 2, 3, 3, 3, 4]]


det:5 size 8
[[ 1, 0, 0, 0, 0, 0, 0, 0]
[ 0, 1, 0, 0, 0, 0, 0, 0]
[ 0, 0, 1, 0, 0, 0, 0, 0]
[ 0, 0, 0, 1, 0, 0, 0, 0]
[ 0, 0, 0, 0, 1, 0, 0, 0]
[ 0, 0, 0, 0, 0, 1, 0, 0]
[ 0, 0, 0, 0, 0, 0, 1, 0]
[ 0, 0, 1, 1, 1, 3, 3, 5]]


det:5 size 8
[[ 1, 0, 0, 0, 0, 0, 0, 0]
[ 0, 1, 0, 0, 0, 0, 0, 0]
[ 0, 0, 1, 0, 0, 0, 0, 0]
[ 0, 0, 0, 1, 0, 0, 0, 0]
[ 0, 0, 0, 0, 1, 0, 0, 0]
[ 0, 0, 0, 0, 0, 1, 0, 0]
[ 0, 0, 0, 0, 0, 0, 1, 0]
[ 0, 1, 3, 3, 3, 3, 4, 5]]


det:5 size 8
[[ 1, 0, 0, 0, 0, 0, 0, 0]
[ 0, 1, 0, 0, 0, 0, 0, 0]
[ 0, 0, 1, 0, 0, 0, 0, 0]
[ 0, 0, 0, 1, 0, 0, 0, 0]
[ 0, 0, 0, 0, 1, 0, 0, 0]
[ 0, 0, 0, 0, 0, 1, 0, 0]
[ 0, 0, 0, 0, 0, 0, 1, 0]
[ 1, 2, 2, 3, 3, 3, 4, 5]]


det:6 size 8
[[ 1, 0, 0, 0, 0, 0, 0, 0]
[ 0, 1, 0, 0, 0, 0, 0, 0]
[ 0, 0, 1, 0, 0, 0, 0, 0]
[ 0, 0, 0, 1, 0, 0, 0, 0]
[ 0, 0, 0, 0, 1, 0, 0, 0]
[ 0, 0, 0, 0, 0, 1, 0, 0]
[ 0, 0, 0, 0, 1, 1, 2, 0]
[ 0, 0, 0, 0, 0, 0, 2, 3]]


det:6 size 8
[[ 1, 0, 0, 0, 0, 0, 0, 0]
[ 0, 1, 0, 0, 0, 0, 0, 0]
[ 0, 0, 1, 0, 0, 0, 0, 0]
[ 0, 0, 0, 1, 0, 0, 0, 0]
[ 0, 0, 0, 0, 1, 0, 0, 0]
[ 0, 0, 0, 0, 0, 1, 0, 0]
[ 0, 0, 0, 1, 1, 1, 2, 0]
[ 0, 0, 0, 0, 1, 1, 0, 3]]


det:6 size 8
[[ 1, 0, 0, 0, 0, 0, 0, 0]
[ 0, 1, 0, 0, 0, 0, 0, 0]
[ 0, 0, 1, 0, 0, 0, 0, 0]
[ 0, 0, 0, 1, 0, 0, 0, 0]
[ 0, 0, 0, 0, 1, 0, 0, 0]
[ 0, 0, 0, 0, 0, 1, 0, 0]
[ 0, 0, 0, 1, 1, 1, 2, 0]
[ 0, 0, 1, 0, 0, 1, 1, 3]]


det:6 size 8
[[ 1, 0, 0, 0, 0, 0, 0, 0]
[ 0, 1, 0, 0, 0, 0, 0, 0]
[ 0, 0, 1, 0, 0, 0, 0, 0]
[ 0, 0, 0, 1, 0, 0, 0, 0]
[ 0, 0, 0, 0, 1, 0, 0, 0]
[ 0, 0, 0, 0, 0, 1, 0, 0]
[ 0, 0, 1, 1, 1, 1, 2, 0]
[ 0, 0, 0, 0, 1, 2, 2, 3]]


det:6 size 8
[[ 1, 0, 0, 0, 0, 0, 0, 0]
[ 0, 1, 0, 0, 0, 0, 0, 0]
[ 0, 0, 1, 0, 0, 0, 0, 0]
[ 0, 0, 0, 1, 0, 0, 0, 0]
[ 0, 0, 0, 0, 1, 0, 0, 0]
[ 0, 0, 0, 0, 0, 1, 0, 0]
[ 0, 0, 0, 0, 1, 1, 2, 0]
[ 0, 1, 1, 2, 1, 2, 0, 3]]


det:6 size 8
[[ 1, 0, 0, 0, 0, 0, 0, 0]
[ 0, 1, 0, 0, 0, 0, 0, 0]
[ 0, 0, 1, 0, 0, 0, 0, 0]
[ 0, 0, 0, 1, 0, 0, 0, 0]
[ 0, 0, 0, 0, 1, 0, 0, 0]
[ 0, 0, 0, 0, 0, 1, 0, 0]
[ 0, 0, 1, 1, 1, 1, 2, 0]
[ 0, 1, 0, 0, 0, 1, 1, 3]]


det:6 size 8
[[ 1, 0, 0, 0, 0, 0, 0, 0]
[ 0, 1, 0, 0, 0, 0, 0, 0]
[ 0, 0, 1, 0, 0, 0, 0, 0]
[ 0, 0, 0, 1, 0, 0, 0, 0]
[ 0, 0, 0, 0, 1, 0, 0, 0]
[ 0, 0, 0, 0, 0, 1, 0, 0]
[ 0, 0, 0, 1, 1, 1, 2, 0]
[ 0, 2, 2, 2, 2, 2, 2, 3]]


det:6 size 8
[[ 1, 0, 0, 0, 0, 0, 0, 0]
[ 0, 1, 0, 0, 0, 0, 0, 0]
[ 0, 0, 1, 0, 0, 0, 0, 0]
[ 0, 0, 0, 1, 0, 0, 0, 0]
[ 0, 0, 0, 0, 1, 0, 0, 0]
[ 0, 0, 0, 0, 0, 1, 0, 0]
[ 0, 1, 1, 1, 1, 1, 2, 0]
[ 0, 1, 1, 2, 2, 2, 0, 3]]


det:6 size 8
[[ 1, 0, 0, 0, 0, 0, 0, 0]
[ 0, 1, 0, 0, 0, 0, 0, 0]
[ 0, 0, 1, 0, 0, 0, 0, 0]
[ 0, 0, 0, 1, 0, 0, 0, 0]
[ 0, 0, 0, 0, 1, 0, 0, 0]
[ 0, 0, 0, 0, 0, 1, 0, 0]
[ 0, 0, 0, 1, 1, 1, 2, 0]
[ 1, 1, 1, 0, 2, 2, 1, 3]]


det:6 size 8
[[ 1, 0, 0, 0, 0, 0, 0, 0]
[ 0, 1, 0, 0, 0, 0, 0, 0]
[ 0, 0, 1, 0, 0, 0, 0, 0]
[ 0, 0, 0, 1, 0, 0, 0, 0]
[ 0, 0, 0, 0, 1, 0, 0, 0]
[ 0, 0, 0, 0, 0, 1, 0, 0]
[ 0, 0, 1, 1, 1, 1, 2, 0]
[ 1, 1, 0, 1, 2, 2, 2, 3]]


det:6 size 8
[[ 1, 0, 0, 0, 0, 0, 0, 0]
[ 0, 1, 0, 0, 0, 0, 0, 0]
[ 0, 0, 1, 0, 0, 0, 0, 0]
[ 0, 0, 0, 1, 0, 0, 0, 0]
[ 0, 0, 0, 0, 1, 0, 0, 0]
[ 0, 0, 0, 0, 0, 1, 0, 0]
[ 0, 0, 1, 1, 1, 1, 2, 0]
[ 1, 2, 0, 1, 1, 2, 0, 3]]


det:6 size 8
[[ 1, 0, 0, 0, 0, 0, 0, 0]
[ 0, 1, 0, 0, 0, 0, 0, 0]
[ 0, 0, 1, 0, 0, 0, 0, 0]
[ 0, 0, 0, 1, 0, 0, 0, 0]
[ 0, 0, 0, 0, 1, 0, 0, 0]
[ 0, 0, 0, 0, 0, 1, 0, 0]
[ 0, 0, 0, 0, 1, 1, 2, 0]
[ 2, 2, 2, 2, 0, 0, 1, 3]]


det:6 size 8
[[ 1, 0, 0, 0, 0, 0, 0, 0]
[ 0, 1, 0, 0, 0, 0, 0, 0]
[ 0, 0, 1, 0, 0, 0, 0, 0]
[ 0, 0, 0, 1, 0, 0, 0, 0]
[ 0, 0, 0, 0, 1, 0, 0, 0]
[ 0, 0, 0, 0, 0, 1, 0, 0]
[ 0, 1, 1, 1, 1, 1, 2, 0]
[ 2, 0, 0, 0, 0, 2, 2, 3]]


det:6 size 8
[[ 1, 0, 0, 0, 0, 0, 0, 0]
[ 0, 1, 0, 0, 0, 0, 0, 0]
[ 0, 0, 1, 0, 0, 0, 0, 0]
[ 0, 0, 0, 1, 0, 0, 0, 0]
[ 0, 0, 0, 0, 1, 0, 0, 0]
[ 0, 0, 0, 0, 0, 1, 0, 0]
[ 1, 1, 1, 1, 1, 1, 2, 0]
[ 0, 1, 1, 1, 1, 1, 0, 3]]


det:6 size 8
[[ 1, 0, 0, 0, 0, 0, 0, 0]
[ 0, 1, 0, 0, 0, 0, 0, 0]
[ 0, 0, 1, 0, 0, 0, 0, 0]
[ 0, 0, 0, 1, 0, 0, 0, 0]
[ 0, 0, 0, 0, 1, 0, 0, 0]
[ 0, 0, 0, 0, 0, 1, 0, 0]
[ 0, 0, 0, 0, 1, 1, 3, 0]
[ 0, 0, 0, 1, 1, 1, 1, 2]]


det:6 size 8
[[ 1, 0, 0, 0, 0, 0, 0, 0]
[ 0, 1, 0, 0, 0, 0, 0, 0]
[ 0, 0, 1, 0, 0, 0, 0, 0]
[ 0, 0, 0, 1, 0, 0, 0, 0]
[ 0, 0, 0, 0, 1, 0, 0, 0]
[ 0, 0, 0, 0, 0, 1, 0, 0]
[ 0, 0, 0, 1, 2, 2, 3, 0]
[ 0, 0, 1, 0, 1, 1, 1, 2]]


det:6 size 8
[[ 1, 0, 0, 0, 0, 0, 0, 0]
[ 0, 1, 0, 0, 0, 0, 0, 0]
[ 0, 0, 1, 0, 0, 0, 0, 0]
[ 0, 0, 0, 1, 0, 0, 0, 0]
[ 0, 0, 0, 0, 1, 0, 0, 0]
[ 0, 0, 0, 0, 0, 1, 0, 0]
[ 0, 0, 0, 0, 0, 2, 3, 0]
[ 0, 1, 1, 1, 1, 1, 1, 2]]


det:6 size 8
[[ 1, 0, 0, 0, 0, 0, 0, 0]
[ 0, 1, 0, 0, 0, 0, 0, 0]
[ 0, 0, 1, 0, 0, 0, 0, 0]
[ 0, 0, 0, 1, 0, 0, 0, 0]
[ 0, 0, 0, 0, 1, 0, 0, 0]
[ 0, 0, 0, 0, 0, 1, 0, 0]
[ 0, 0, 1, 2, 2, 2, 3, 0]
[ 0, 1, 0, 1, 1, 1, 1, 2]]


det:6 size 8
[[ 1, 0, 0, 0, 0, 0, 0, 0]
[ 0, 1, 0, 0, 0, 0, 0, 0]
[ 0, 0, 1, 0, 0, 0, 0, 0]
[ 0, 0, 0, 1, 0, 0, 0, 0]
[ 0, 0, 0, 0, 1, 0, 0, 0]
[ 0, 0, 0, 0, 0, 1, 0, 0]
[ 0, 1, 2, 2, 2, 2, 3, 0]
[ 0, 0, 1, 1, 1, 1, 1, 2]]


det:6 size 8
[[ 1, 0, 0, 0, 0, 0, 0, 0]
[ 0, 1, 0, 0, 0, 0, 0, 0]
[ 0, 0, 1, 0, 0, 0, 0, 0]
[ 0, 0, 0, 1, 0, 0, 0, 0]
[ 0, 0, 0, 0, 1, 0, 0, 0]
[ 0, 0, 0, 0, 0, 1, 0, 0]
[ 0, 0, 0, 1, 2, 2, 3, 0]
[ 1, 1, 1, 1, 0, 0, 1, 2]]


det:6 size 8
[[ 1, 0, 0, 0, 0, 0, 0, 0]
[ 0, 1, 0, 0, 0, 0, 0, 0]
[ 0, 0, 1, 0, 0, 0, 0, 0]
[ 0, 0, 0, 1, 0, 0, 0, 0]
[ 0, 0, 0, 0, 1, 0, 0, 0]
[ 0, 0, 0, 0, 0, 1, 0, 0]
[ 0, 1, 1, 1, 2, 2, 3, 0]
[ 1, 0, 0, 0, 0, 1, 1, 2]]


det:6 size 8
[[ 1, 0, 0, 0, 0, 0, 0, 0]
[ 0, 1, 0, 0, 0, 0, 0, 0]
[ 0, 0, 1, 0, 0, 0, 0, 0]
[ 0, 0, 0, 1, 0, 0, 0, 0]
[ 0, 0, 0, 0, 1, 0, 0, 0]
[ 0, 0, 0, 0, 0, 1, 0, 0]
[ 1, 1, 1, 1, 1, 2, 3, 0]
[ 0, 0, 0, 0, 0, 0, 1, 2]]


det:6 size 8
[[ 1, 0, 0, 0, 0, 0, 0, 0]
[ 0, 1, 0, 0, 0, 0, 0, 0]
[ 0, 0, 1, 0, 0, 0, 0, 0]
[ 0, 0, 0, 1, 0, 0, 0, 0]
[ 0, 0, 0, 0, 1, 0, 0, 0]
[ 0, 0, 0, 0, 0, 1, 0, 0]
[ 1, 2, 2, 2, 2, 2, 3, 0]
[ 0, 0, 0, 0, 1, 1, 1, 2]]


det:6 size 8
[[ 1, 0, 0, 0, 0, 0, 0, 0]
[ 0, 1, 0, 0, 0, 0, 0, 0]
[ 0, 0, 1, 0, 0, 0, 0, 0]
[ 0, 0, 0, 1, 0, 0, 0, 0]
[ 0, 0, 0, 0, 1, 0, 0, 0]
[ 0, 0, 0, 0, 0, 1, 0, 0]
[ 0, 0, 0, 0, 0, 0, 1, 0]
[ 0, 0, 0, 0, 2, 2, 3, 6]]


det:6 size 8
[[ 1, 0, 0, 0, 0, 0, 0, 0]
[ 0, 1, 0, 0, 0, 0, 0, 0]
[ 0, 0, 1, 0, 0, 0, 0, 0]
[ 0, 0, 0, 1, 0, 0, 0, 0]
[ 0, 0, 0, 0, 1, 0, 0, 0]
[ 0, 0, 0, 0, 0, 1, 0, 0]
[ 0, 0, 0, 0, 0, 0, 1, 0]
[ 0, 0, 1, 1, 1, 3, 5, 6]]


det:6 size 8
[[ 1, 0, 0, 0, 0, 0, 0, 0]
[ 0, 1, 0, 0, 0, 0, 0, 0]
[ 0, 0, 1, 0, 0, 0, 0, 0]
[ 0, 0, 0, 1, 0, 0, 0, 0]
[ 0, 0, 0, 0, 1, 0, 0, 0]
[ 0, 0, 0, 0, 0, 1, 0, 0]
[ 0, 0, 0, 0, 0, 0, 1, 0]
[ 0, 0, 3, 3, 4, 4, 4, 6]]


det:6 size 8
[[ 1, 0, 0, 0, 0, 0, 0, 0]
[ 0, 1, 0, 0, 0, 0, 0, 0]
[ 0, 0, 1, 0, 0, 0, 0, 0]
[ 0, 0, 0, 1, 0, 0, 0, 0]
[ 0, 0, 0, 0, 1, 0, 0, 0]
[ 0, 0, 0, 0, 0, 1, 0, 0]
[ 0, 0, 0, 0, 0, 0, 1, 0]
[ 0, 1, 2, 2, 3, 5, 5, 6]]


det:6 size 8
[[ 1, 0, 0, 0, 0, 0, 0, 0]
[ 0, 1, 0, 0, 0, 0, 0, 0]
[ 0, 0, 1, 0, 0, 0, 0, 0]
[ 0, 0, 0, 1, 0, 0, 0, 0]
[ 0, 0, 0, 0, 1, 0, 0, 0]
[ 0, 0, 0, 0, 0, 1, 0, 0]
[ 0, 0, 0, 0, 0, 0, 1, 0]
[ 0, 3, 3, 3, 3, 4, 4, 6]]


det:6 size 8
[[ 1, 0, 0, 0, 0, 0, 0, 0]
[ 0, 1, 0, 0, 0, 0, 0, 0]
[ 0, 0, 1, 0, 0, 0, 0, 0]
[ 0, 0, 0, 1, 0, 0, 0, 0]
[ 0, 0, 0, 0, 1, 0, 0, 0]
[ 0, 0, 0, 0, 0, 1, 0, 0]
[ 0, 0, 0, 0, 0, 0, 1, 0]
[ 1, 1, 2, 2, 2, 3, 4, 6]]


det:6 size 8
[[ 1, 0, 0, 0, 0, 0, 0, 0]
[ 0, 1, 0, 0, 0, 0, 0, 0]
[ 0, 0, 1, 0, 0, 0, 0, 0]
[ 0, 0, 0, 1, 0, 0, 0, 0]
[ 0, 0, 0, 0, 1, 0, 0, 0]
[ 0, 0, 0, 0, 0, 1, 0, 0]
[ 0, 0, 0, 0, 0, 0, 1, 0]
[ 1, 2, 3, 5, 5, 5, 5, 6]]


det:6 size 8
[[ 1, 0, 0, 0, 0, 0, 0, 0]
[ 0, 1, 0, 0, 0, 0, 0, 0]
[ 0, 0, 1, 0, 0, 0, 0, 0]
[ 0, 0, 0, 1, 0, 0, 0, 0]
[ 0, 0, 0, 0, 1, 0, 0, 0]
[ 0, 0, 0, 0, 0, 1, 0, 0]
[ 0, 0, 0, 0, 0, 0, 1, 0]
[ 2, 3, 3, 3, 5, 5, 5, 6]]


det:7 size 8
[[ 1, 0, 0, 0, 0, 0, 0, 0]
[ 0, 1, 0, 0, 0, 0, 0, 0]
[ 0, 0, 1, 0, 0, 0, 0, 0]
[ 0, 0, 0, 1, 0, 0, 0, 0]
[ 0, 0, 0, 0, 1, 0, 0, 0]
[ 0, 0, 0, 0, 0, 1, 0, 0]
[ 0, 0, 0, 0, 0, 0, 1, 0]
[ 0, 0, 0, 0, 1, 4, 6, 7]]


det:7 size 8
[[ 1, 0, 0, 0, 0, 0, 0, 0]
[ 0, 1, 0, 0, 0, 0, 0, 0]
[ 0, 0, 1, 0, 0, 0, 0, 0]
[ 0, 0, 0, 1, 0, 0, 0, 0]
[ 0, 0, 0, 0, 1, 0, 0, 0]
[ 0, 0, 0, 0, 0, 1, 0, 0]
[ 0, 0, 0, 0, 0, 0, 1, 0]
[ 0, 0, 0, 2, 2, 3, 3, 7]]


det:7 size 8
[[ 1, 0, 0, 0, 0, 0, 0, 0]
[ 0, 1, 0, 0, 0, 0, 0, 0]
[ 0, 0, 1, 0, 0, 0, 0, 0]
[ 0, 0, 0, 1, 0, 0, 0, 0]
[ 0, 0, 0, 0, 1, 0, 0, 0]
[ 0, 0, 0, 0, 0, 1, 0, 0]
[ 0, 0, 0, 0, 0, 0, 1, 0]
[ 0, 0, 1, 1, 2, 6, 6, 7]]


det:7 size 8
[[ 1, 0, 0, 0, 0, 0, 0, 0]
[ 0, 1, 0, 0, 0, 0, 0, 0]
[ 0, 0, 1, 0, 0, 0, 0, 0]
[ 0, 0, 0, 1, 0, 0, 0, 0]
[ 0, 0, 0, 0, 1, 0, 0, 0]
[ 0, 0, 0, 0, 0, 1, 0, 0]
[ 0, 0, 0, 0, 0, 0, 1, 0]
[ 0, 0, 2, 2, 2, 4, 4, 7]]


det:7 size 8
[[ 1, 0, 0, 0, 0, 0, 0, 0]
[ 0, 1, 0, 0, 0, 0, 0, 0]
[ 0, 0, 1, 0, 0, 0, 0, 0]
[ 0, 0, 0, 1, 0, 0, 0, 0]
[ 0, 0, 0, 0, 1, 0, 0, 0]
[ 0, 0, 0, 0, 0, 1, 0, 0]
[ 0, 0, 0, 0, 0, 0, 1, 0]
[ 0, 0, 4, 4, 4, 5, 6, 7]]


det:7 size 8
[[ 1, 0, 0, 0, 0, 0, 0, 0]
[ 0, 1, 0, 0, 0, 0, 0, 0]
[ 0, 0, 1, 0, 0, 0, 0, 0]
[ 0, 0, 0, 1, 0, 0, 0, 0]
[ 0, 0, 0, 0, 1, 0, 0, 0]
[ 0, 0, 0, 0, 0, 1, 0, 0]
[ 0, 0, 0, 0, 0, 0, 1, 0]
[ 0, 1, 1, 2, 4, 4, 6, 7]]


det:7 size 8
[[ 1, 0, 0, 0, 0, 0, 0, 0]
[ 0, 1, 0, 0, 0, 0, 0, 0]
[ 0, 0, 1, 0, 0, 0, 0, 0]
[ 0, 0, 0, 1, 0, 0, 0, 0]
[ 0, 0, 0, 0, 1, 0, 0, 0]
[ 0, 0, 0, 0, 0, 1, 0, 0]
[ 0, 0, 0, 0, 0, 0, 1, 0]
[ 0, 1, 2, 4, 4, 4, 6, 7]]


det:7 size 8
[[ 1, 0, 0, 0, 0, 0, 0, 0]
[ 0, 1, 0, 0, 0, 0, 0, 0]
[ 0, 0, 1, 0, 0, 0, 0, 0]
[ 0, 0, 0, 1, 0, 0, 0, 0]
[ 0, 0, 0, 0, 1, 0, 0, 0]
[ 0, 0, 0, 0, 0, 1, 0, 0]
[ 0, 0, 0, 0, 0, 0, 1, 0]
[ 0, 2, 2, 2, 5, 5, 5, 7]]


det:7 size 8
[[ 1, 0, 0, 0, 0, 0, 0, 0]
[ 0, 1, 0, 0, 0, 0, 0, 0]
[ 0, 0, 1, 0, 0, 0, 0, 0]
[ 0, 0, 0, 1, 0, 0, 0, 0]
[ 0, 0, 0, 0, 1, 0, 0, 0]
[ 0, 0, 0, 0, 0, 1, 0, 0]
[ 0, 0, 0, 0, 0, 0, 1, 0]
[ 0, 3, 3, 3, 3, 4, 5, 7]]


det:7 size 8
[[ 1, 0, 0, 0, 0, 0, 0, 0]
[ 0, 1, 0, 0, 0, 0, 0, 0]
[ 0, 0, 1, 0, 0, 0, 0, 0]
[ 0, 0, 0, 1, 0, 0, 0, 0]
[ 0, 0, 0, 0, 1, 0, 0, 0]
[ 0, 0, 0, 0, 0, 1, 0, 0]
[ 0, 0, 0, 0, 0, 0, 1, 0]
[ 1, 1, 1, 1, 2, 2, 2, 7]]


det:7 size 8
[[ 1, 0, 0, 0, 0, 0, 0, 0]
[ 0, 1, 0, 0, 0, 0, 0, 0]
[ 0, 0, 1, 0, 0, 0, 0, 0]
[ 0, 0, 0, 1, 0, 0, 0, 0]
[ 0, 0, 0, 0, 1, 0, 0, 0]
[ 0, 0, 0, 0, 0, 1, 0, 0]
[ 0, 0, 0, 0, 0, 0, 1, 0]
[ 1, 1, 1, 5, 5, 5, 5, 7]]


det:7 size 8
[[ 1, 0, 0, 0, 0, 0, 0, 0]
[ 0, 1, 0, 0, 0, 0, 0, 0]
[ 0, 0, 1, 0, 0, 0, 0, 0]
[ 0, 0, 0, 1, 0, 0, 0, 0]
[ 0, 0, 0, 0, 1, 0, 0, 0]
[ 0, 0, 0, 0, 0, 1, 0, 0]
[ 0, 0, 0, 0, 0, 0, 1, 0]
[ 1, 1, 3, 4, 4, 6, 6, 7]]


det:7 size 8
[[ 1, 0, 0, 0, 0, 0, 0, 0]
[ 0, 1, 0, 0, 0, 0, 0, 0]
[ 0, 0, 1, 0, 0, 0, 0, 0]
[ 0, 0, 0, 1, 0, 0, 0, 0]
[ 0, 0, 0, 0, 1, 0, 0, 0]
[ 0, 0, 0, 0, 0, 1, 0, 0]
[ 0, 0, 0, 0, 0, 0, 1, 0]
[ 1, 2, 2, 6, 6, 6, 6, 7]]


det:7 size 8
[[ 1, 0, 0, 0, 0, 0, 0, 0]
[ 0, 1, 0, 0, 0, 0, 0, 0]
[ 0, 0, 1, 0, 0, 0, 0, 0]
[ 0, 0, 0, 1, 0, 0, 0, 0]
[ 0, 0, 0, 0, 1, 0, 0, 0]
[ 0, 0, 0, 0, 0, 1, 0, 0]
[ 0, 0, 0, 0, 0, 0, 1, 0]
[ 1, 3, 4, 4, 5, 6, 6, 7]]


det:7 size 8
[[ 1, 0, 0, 0, 0, 0, 0, 0]
[ 0, 1, 0, 0, 0, 0, 0, 0]
[ 0, 0, 1, 0, 0, 0, 0, 0]
[ 0, 0, 0, 1, 0, 0, 0, 0]
[ 0, 0, 0, 0, 1, 0, 0, 0]
[ 0, 0, 0, 0, 0, 1, 0, 0]
[ 0, 0, 0, 0, 0, 0, 1, 0]
[ 2, 2, 2, 4, 4, 5, 6, 7]]


det:7 size 8
[[ 1, 0, 0, 0, 0, 0, 0, 0]
[ 0, 1, 0, 0, 0, 0, 0, 0]
[ 0, 0, 1, 0, 0, 0, 0, 0]
[ 0, 0, 0, 1, 0, 0, 0, 0]
[ 0, 0, 0, 0, 1, 0, 0, 0]
[ 0, 0, 0, 0, 0, 1, 0, 0]
[ 0, 0, 0, 0, 0, 0, 1, 0]
[ 2, 3, 3, 5, 6, 6, 6, 7]]


det:7 size 8
[[ 1, 0, 0, 0, 0, 0, 0, 0]
[ 0, 1, 0, 0, 0, 0, 0, 0]
[ 0, 0, 1, 0, 0, 0, 0, 0]
[ 0, 0, 0, 1, 0, 0, 0, 0]
[ 0, 0, 0, 0, 1, 0, 0, 0]
[ 0, 0, 0, 0, 0, 1, 0, 0]
[ 0, 0, 0, 0, 0, 0, 1, 0]
[ 3, 3, 4, 6, 6, 6, 6, 7]]
