168
1 0 0 
0 1 0 
0 0 2 

1 0 0 
0 1 0 
0 1 3 

1 0 0 
0 1 0 
1 3 5 

1 0 0 
0 1 0 
1 4 7 

1 0 0 
0 1 0 
1 9 11 

1 0 0 
0 1 0 
5 6 13 

1 0 0 
0 1 0 
5 8 17 

1 0 0 
0 1 0 
2 9 19 

1 0 0 
0 1 0 
1 19 23 

1 0 0 
0 1 0 
12 23 29 

1 0 0 
0 1 0 
13 21 31 

1 0 0 
0 1 0 
3 20 37 

1 0 0 
0 1 0 
5 33 41 

1 0 0 
0 1 0 
17 26 43 

1 0 0 
0 1 0 
14 39 47 

1 0 0 
0 1 0 
14 32 53 

1 0 0 
0 1 0 
1 41 59 

1 0 0 
0 1 0 
21 47 61 

1 0 0 
0 1 0 
23 42 67 

1 0 0 
0 1 0 
32 60 71 

1 0 0 
0 1 0 
34 40 73 

1 0 0 
0 1 0 
34 72 79 

1 0 0 
0 1 0 
37 46 83 

1 0 0 
0 1 0 
32 56 89 

1 0 0 
0 1 0 
19 76 97 

1 0 0 
0 1 0 
18 54 101 

1 0 0 
0 1 0 
24 87 103 

1 0 0 
0 1 0 
46 57 107 

1 0 0 
0 1 0 
45 77 109 

1 0 0 
0 1 0 
30 74 113 

1 0 0 
0 1 0 
26 93 127 

1 0 0 
0 1 0 
63 75 131 

1 0 0 
0 1 0 
48 68 137 

1 0 0 
0 1 0 
9 78 139 

1 0 0 
0 1 0 
9 142 149 

1 0 0 
0 1 0 
5 121 151 

1 0 0 
0 1 0 
60 107 157 

1 0 0 
0 1 0 
75 81 163 

1 0 0 
0 1 0 
56 155 167 

1 0 0 
0 1 0 
59 140 173 

1 0 0 
0 1 0 
64 119 179 

1 0 0 
0 1 0 
80 169 181 

1 0 0 
0 1 0 
84 110 191 

1 0 0 
0 1 0 
94 119 193 

1 0 0 
0 1 0 
63 131 197 

1 0 0 
0 1 0 
56 142 199 

1 0 0 
0 1 0 
41 149 211 

1 0 0 
0 1 0 
105 204 223 

1 0 0 
0 1 0 
54 141 227 

1 0 0 
0 1 0 
11 127 229 

1 0 0 
0 1 0 
93 222 233 

1 0 0 
0 1 0 
25 125 239 

1 0 0 
0 1 0 
104 183 241 

1 0 0 
0 1 0 
90 237 251 

1 0 0 
0 1 0 
28 246 257 

1 0 0 
0 1 0 
81 258 263 

1 0 0 
0 1 0 
30 251 269 

1 0 0 
0 1 0 
100 256 271 

1 0 0 
0 1 0 
46 172 277 

1 0 0 
0 1 0 
4 213 281 

1 0 0 
0 1 0 
81 237 283 

1 0 0 
0 1 0 
100 271 293 

1 0 0 
0 1 0 
78 269 307 

1 0 0 
0 1 0 
36 155 311 

1 0 0 
0 1 0 
21 185 313 

1 0 0 
0 1 0 
46 168 317 

1 0 0 
0 1 0 
125 313 331 

1 0 0 
0 1 0 
3 204 337 

1 0 0 
0 1 0 
104 174 347 

1 0 0 
0 1 0 
19 293 349 

1 0 0 
0 1 0 
24 183 353 

1 0 0 
0 1 0 
161 240 359 

1 0 0 
0 1 0 
129 299 367 

1 0 0 
0 1 0 
114 237 373 

1 0 0 
0 1 0 
178 227 379 

1 0 0 
0 1 0 
71 257 383 

1 0 0 
0 1 0 
24 382 389 

1 0 0 
0 1 0 
20 253 397 

1 0 0 
0 1 0 
147 226 401 

1 0 0 
0 1 0 
10 244 409 

1 0 0 
0 1 0 
20 259 419 

1 0 0 
0 1 0 
104 318 421 

1 0 0 
0 1 0 
65 265 431 

1 0 0 
0 1 0 
82 280 433 

1 0 0 
0 1 0 
130 224 439 

1 0 0 
0 1 0 
119 332 443 

1 0 0 
0 1 0 
44 274 449 

1 0 0 
0 1 0 
125 249 457 

1 0 0 
0 1 0 
72 327 461 

1 0 0 
0 1 0 
94 335 463 

1 0 0 
0 1 0 
6 288 467 

1 0 0 
0 1 0 
2 246 479 

1 0 0 
0 1 0 
139 456 487 

1 0 0 
0 1 0 
30 270 491 

1 0 0 
0 1 0 
162 340 499 

1 0 0 
0 1 0 
176 450 503 

1 0 0 
0 1 0 
202 294 509 

1 0 0 
0 1 0 
71 486 521 

1 0 0 
0 1 0 
180 475 523 

1 0 0 
0 1 0 
12 518 541 

1 0 0 
0 1 0 
237 518 547 

1 0 0 
0 1 0 
236 488 557 

1 0 0 
0 1 0 
227 471 563 

1 0 0 
0 1 0 
217 506 569 

1 0 0 
0 1 0 
272 549 571 

1 0 0 
0 1 0 
111 293 577 

1 0 0 
0 1 0 
7 310 587 

1 0 0 
0 1 0 
269 522 593 

1 0 0 
0 1 0 
42 446 599 

1 0 0 
0 1 0 
65 342 601 

1 0 0 
0 1 0 
231 413 607 

1 0 0 
0 1 0 
39 356 613 

1 0 0 
0 1 0 
197 605 617 

1 0 0 
0 1 0 
179 324 619 

1 0 0 
0 1 0 
294 459 631 

1 0 0 
0 1 0 
135 441 641 

1 0 0 
0 1 0 
48 478 643 

1 0 0 
0 1 0 
285 462 647 

1 0 0 
0 1 0 
36 579 653 

1 0 0 
0 1 0 
309 646 659 

1 0 0 
0 1 0 
200 473 661 

1 0 0 
0 1 0 
319 598 673 

1 0 0 
0 1 0 
114 562 677 

1 0 0 
0 1 0 
194 408 683 

1 0 0 
0 1 0 
324 682 691 

1 0 0 
0 1 0 
185 376 701 

1 0 0 
0 1 0 
130 615 709 

1 0 0 
0 1 0 
214 386 719 

1 0 0 
0 1 0 
100 559 727 

1 0 0 
0 1 0 
29 395 733 

1 0 0 
0 1 0 
63 462 739 

1 0 0 
0 1 0 
363 617 743 

1 0 0 
0 1 0 
312 686 751 

1 0 0 
0 1 0 
364 562 757 

1 0 0 
0 1 0 
365 450 761 

1 0 0 
0 1 0 
150 735 769 

1 0 0 
0 1 0 
21 689 773 

1 0 0 
0 1 0 
82 765 787 

1 0 0 
0 1 0 
310 478 797 

1 0 0 
0 1 0 
192 663 809 

1 0 0 
0 1 0 
275 620 811 

1 0 0 
0 1 0 
186 593 821 

1 0 0 
0 1 0 
353 630 823 

1 0 0 
0 1 0 
109 487 827 

1 0 0 
0 1 0 
408 504 829 

1 0 0 
0 1 0 
305 672 839 

1 0 0 
0 1 0 
370 696 853 

1 0 0 
0 1 0 
195 717 857 

1 0 0 
0 1 0 
347 538 859 

1 0 0 
0 1 0 
145 639 863 

1 0 0 
0 1 0 
396 815 877 

1 0 0 
0 1 0 
120 564 881 

1 0 0 
0 1 0 
428 481 883 

1 0 0 
0 1 0 
41 492 887 

1 0 0 
0 1 0 
83 651 907 

1 0 0 
0 1 0 
155 469 911 

1 0 0 
0 1 0 
66 622 919 

1 0 0 
0 1 0 
436 852 929 

1 0 0 
0 1 0 
329 769 937 

1 0 0 
0 1 0 
92 717 941 

1 0 0 
0 1 0 
382 495 947 

1 0 0 
0 1 0 
174 551 953 

1 0 0 
0 1 0 
217 791 967 

1 0 0 
0 1 0 
238 885 971 

1 0 0 
0 1 0 
373 537 977 

1 0 0 
0 1 0 
98 761 983 

1 0 0 
0 1 0 
125 733 991 

1 0 0 
0 1 0 
95 531 997 

