8 2 0
---------------------------------------------

dimm: 8 iter: 0 diff: 2|
[[33 15 31 31 36 7 13 30 ]
[11 22 19 25 14 20 38 36 ]
[25 28 5 24 0 9 5 32 ]
[6 16 5 4 39 8 20 33 ]
[24 11 25 20 19 38 11 30 ]
[21 30 16 35 11 14 32 36 ]
[2 37 21 3 7 26 35 13 ]
[2 0 18 2 9 38 36 34 ]
]
 summ: 1296

lll duration 0

gauss iter : 1088|
gauss duration: 10

8 2 1
---------------------------------------------

dimm: 8 iter: 1 diff: 2|
[[10 21 15 30 20 26 21 1 ]
[17 37 37 28 11 29 25 14 ]
[27 6 17 35 33 13 9 35 ]
[14 27 38 23 26 34 17 36 ]
[15 32 27 36 19 8 38 36 ]
[5 35 25 17 24 11 31 12 ]
[17 9 7 11 22 16 6 36 ]
[4 5 19 30 39 37 27 15 ]
]
 summ: 1403

lll duration 0

gauss iter : 1093|
gauss duration: 6

8 2 2
---------------------------------------------

dimm: 8 iter: 2 diff: 2|
[[29 14 11 9 23 9 6 29 ]
[5 31 6 29 2 38 2 20 ]
[7 9 31 29 26 38 25 30 ]
[3 5 20 3 2 8 18 32 ]
[22 30 2 6 39 8 35 5 ]
[39 2 34 2 0 36 23 7 ]
[6 15 36 32 14 22 23 18 ]
[27 3 21 30 12 39 23 35 ]
]
 summ: 1195

lll duration 0

gauss iter : 1077|
gauss duration: 5

8 4 0
---------------------------------------------

dimm: 8 iter: 0 diff: 4|
[[59 50 2 59 66 74 69 66 ]
[78 59 72 78 53 39 13 66 ]
[71 6 51 19 50 18 56 25 ]
[26 18 5 50 17 52 40 77 ]
[22 43 57 9 37 47 75 36 ]
[26 67 34 0 27 47 66 18 ]
[54 38 38 24 56 14 49 3 ]
[33 55 53 51 27 14 48 50 ]
]
 summ: 2702

lll duration 0

gauss iter : 1102|
gauss duration: 8

8 4 1
---------------------------------------------

dimm: 8 iter: 1 diff: 4|
[[58 26 59 16 73 54 52 20 ]
[42 7 20 70 54 7 8 28 ]
[46 47 53 23 62 23 26 15 ]
[78 0 66 26 15 34 76 73 ]
[61 55 9 54 30 61 75 73 ]
[68 16 63 43 23 72 72 69 ]
[39 46 13 21 69 39 37 67 ]
[39 23 14 54 58 11 48 39 ]
]
 summ: 2718

lll duration 0

gauss iter : 1093|
gauss duration: 6

8 4 2
---------------------------------------------

dimm: 8 iter: 2 diff: 4|
[[67 57 14 17 39 9 11 28 ]
[25 74 72 49 66 65 39 26 ]
[31 52 48 20 12 5 8 51 ]
[29 23 26 7 34 74 46 21 ]
[52 60 38 12 70 50 41 16 ]
[44 34 66 31 19 26 58 51 ]
[78 27 71 10 32 0 62 61 ]
[23 9 69 57 3 35 78 56 ]
]
 summ: 2484

lll duration 0

gauss iter : 1122|
gauss duration: 7

8 6 0
---------------------------------------------

dimm: 8 iter: 0 diff: 6|
[[25 56 103 11 11 45 36 78 ]
[97 15 6 6 54 93 83 53 ]
[14 70 69 63 71 43 36 106 ]
[57 20 73 63 74 71 28 99 ]
[8 11 110 20 57 27 99 34 ]
[42 105 41 97 79 4 30 93 ]
[75 100 36 26 23 73 13 80 ]
[93 86 24 48 37 52 27 46 ]
]
 summ: 3425

lll duration 0

gauss iter : 1103|
gauss duration: 7

8 6 1
---------------------------------------------

dimm: 8 iter: 1 diff: 6|
[[63 18 66 1 45 45 36 88 ]
[31 77 66 110 82 97 83 37 ]
[77 0 63 101 74 77 62 48 ]
[43 86 96 81 18 3 7 82 ]
[22 74 84 68 0 0 36 31 ]
[78 102 21 40 80 105 78 37 ]
[106 22 18 60 99 81 108 22 ]
[47 84 104 65 88 111 27 111 ]
]
 summ: 3872

lll duration 0

gauss iter : 1112|
gauss duration: 7

8 6 2
---------------------------------------------

dimm: 8 iter: 2 diff: 6|
[[66 112 59 66 112 95 97 71 ]
[78 119 112 38 104 70 76 91 ]
[93 95 31 72 56 20 95 103 ]
[104 79 49 73 71 77 64 17 ]
[69 3 84 62 99 61 13 58 ]
[61 5 97 46 76 54 17 49 ]
[29 48 2 86 68 97 69 53 ]
[57 119 7 8 76 71 26 26 ]
]
 summ: 4161

lll duration 0

gauss iter : 1120|
gauss duration: 14

8 8 0
---------------------------------------------

dimm: 8 iter: 0 diff: 8|
[[100 147 118 74 70 136 152 151 ]
[143 122 53 85 35 76 151 74 ]
[141 154 29 73 124 122 144 41 ]
[121 154 53 64 89 88 99 30 ]
[76 57 104 146 33 97 138 17 ]
[59 31 103 94 108 95 9 89 ]
[90 38 3 55 1 147 96 123 ]
[141 149 27 71 78 127 102 154 ]
]
 summ: 5871

lll duration 0

gauss iter : 1079|
gauss duration: 14

8 8 1
---------------------------------------------

dimm: 8 iter: 1 diff: 8|
[[24 46 141 58 143 119 76 43 ]
[151 19 138 99 114 147 29 45 ]
[26 32 100 28 20 36 151 2 ]
[25 19 73 103 146 16 98 11 ]
[62 79 69 46 39 145 90 30 ]
[5 69 130 120 57 159 5 83 ]
[32 105 111 52 142 103 54 8 ]
[122 128 111 109 144 50 120 47 ]
]
 summ: 4904

lll duration 0

gauss iter : 1060|
gauss duration: 6

8 8 2
---------------------------------------------

dimm: 8 iter: 2 diff: 8|
[[129 30 94 8 16 25 39 21 ]
[94 9 142 151 8 148 75 41 ]
[93 27 93 76 130 148 84 93 ]
[116 36 42 101 86 2 149 55 ]
[32 83 64 49 108 103 70 43 ]
[112 53 34 121 41 109 2 135 ]
[136 96 51 106 84 135 40 40 ]
[11 82 142 97 84 131 153 117 ]
]
 summ: 5025

lll duration 0

gauss iter : 1081|
gauss duration: 6

8 10 0
---------------------------------------------

dimm: 8 iter: 0 diff: 10|
[[68 71 8 4 1 97 58 141 ]
[164 101 93 15 38 96 184 8 ]
[16 48 142 122 18 192 173 33 ]
[95 151 155 1 115 147 148 184 ]
[19 157 189 20 54 47 161 19 ]
[149 55 34 187 152 19 196 169 ]
[68 138 91 86 130 64 120 25 ]
[16 75 27 131 22 176 116 42 ]
]
 summ: 5841

lll duration 0

gauss iter : 1090|
gauss duration: 7

8 10 1
---------------------------------------------

dimm: 8 iter: 1 diff: 10|
[[133 105 62 188 153 24 7 102 ]
[79 42 90 32 61 86 1 129 ]
[25 92 16 156 157 136 182 173 ]
[12 9 105 35 185 21 77 119 ]
[127 140 107 81 164 115 184 44 ]
[157 74 76 19 161 77 149 186 ]
[169 166 142 127 103 124 100 115 ]
[134 5 151 119 27 28 39 155 ]
]
 summ: 6359

lll duration 0

gauss iter : 1072|
gauss duration: 8

8 10 2
---------------------------------------------

dimm: 8 iter: 2 diff: 10|
[[168 147 36 133 62 21 177 20 ]
[95 54 39 57 131 189 44 101 ]
[155 187 28 58 112 128 174 46 ]
[134 125 166 162 154 5 118 123 ]
[152 154 56 15 176 34 35 71 ]
[88 75 129 20 65 173 121 20 ]
[161 149 79 73 78 54 119 13 ]
[180 86 176 134 92 94 58 44 ]
]
 summ: 6323

lll duration 0

gauss iter : 1132|
gauss duration: 11

10 2 0
---------------------------------------------

dimm: 10 iter: 0 diff: 2|
[[9 23 12 5 29 19 19 7 34 5 ]
[11 7 0 36 11 32 26 27 7 1 ]
[38 31 4 34 8 39 21 26 18 33 ]
[35 28 16 7 33 6 26 12 13 21 ]
[18 25 28 18 21 0 10 7 27 17 ]
[9 26 8 13 20 17 13 2 3 32 ]
[35 39 20 11 7 14 17 34 27 31 ]
[15 5 17 4 24 38 4 34 6 32 ]
[12 15 18 21 29 38 38 3 0 2 ]
[35 35 1 16 7 8 31 24 2 18 ]
]
 summ: 1850

lll duration 0

gauss iter : 1148|
gauss duration: 9

10 2 1
---------------------------------------------

dimm: 10 iter: 1 diff: 2|
[[16 18 24 33 22 8 32 26 2 38 ]
[19 15 14 37 36 4 36 35 7 36 ]
[37 3 32 38 20 0 7 11 25 10 ]
[29 1 28 14 34 11 22 27 38 24 ]
[25 17 0 39 14 37 3 10 32 11 ]
[7 29 15 0 27 35 0 35 7 25 ]
[5 37 27 34 11 21 6 33 8 4 ]
[18 34 21 18 34 36 15 38 6 7 ]
[9 14 36 25 14 24 20 15 20 27 ]
[0 26 24 27 20 35 9 27 28 18 ]
]
 summ: 2068

lll duration 0

gauss iter : 1126|
gauss duration: 12

10 2 2
---------------------------------------------

dimm: 10 iter: 2 diff: 2|
[[31 7 13 13 25 7 9 0 5 16 ]
[8 15 31 5 0 5 29 21 20 9 ]
[8 21 35 33 9 16 29 19 3 18 ]
[37 35 25 10 8 11 17 18 12 23 ]
[35 20 38 26 25 39 31 15 20 12 ]
[25 29 34 21 23 3 38 12 23 1 ]
[31 20 36 17 31 5 28 9 23 0 ]
[32 18 20 31 5 6 31 37 22 11 ]
[9 7 1 4 29 24 8 27 37 31 ]
[28 29 12 25 6 3 31 34 12 15 ]
]
 summ: 1911

lll duration 0

gauss iter : 1132|
gauss duration: 9

10 4 0
---------------------------------------------

dimm: 10 iter: 0 diff: 4|
[[69 11 68 31 74 78 44 56 72 9 ]
[0 12 24 2 21 2 51 38 57 46 ]
[21 34 25 45 6 37 53 69 26 78 ]
[19 15 10 8 46 4 6 11 61 79 ]
[20 61 11 45 64 32 47 35 71 24 ]
[2 12 59 27 58 66 65 31 55 11 ]
[30 75 27 40 3 74 45 9 5 26 ]
[8 25 8 20 71 72 53 39 28 44 ]
[64 31 57 43 59 35 29 44 67 5 ]
[56 17 0 3 58 3 77 23 13 2 ]
]
 summ: 3602

lll duration 0

gauss iter : 1139|
gauss duration: 9

10 4 1
---------------------------------------------

dimm: 10 iter: 1 diff: 4|
[[50 22 28 59 43 19 51 16 58 0 ]
[61 42 31 38 6 10 74 36 55 61 ]
[42 31 79 42 35 57 46 32 1 59 ]
[35 51 2 64 30 45 4 2 61 63 ]
[2 43 26 34 1 33 45 75 69 20 ]
[57 31 52 56 74 7 33 41 39 35 ]
[20 75 6 23 59 37 68 64 40 50 ]
[47 43 13 74 77 15 27 43 11 17 ]
[63 68 49 35 45 43 42 79 4 2 ]
[34 25 77 41 49 57 79 37 42 40 ]
]
 summ: 4034

lll duration 0

gauss iter : 1159|
gauss duration: 11

10 4 2
---------------------------------------------

dimm: 10 iter: 2 diff: 4|
[[8 9 3 22 4 1 38 31 44 49 ]
[48 28 38 17 63 4 61 26 3 65 ]
[28 38 11 26 79 60 4 79 18 46 ]
[39 27 56 43 49 60 44 8 11 9 ]
[58 59 37 16 77 21 21 58 47 25 ]
[43 75 63 55 22 63 35 26 62 54 ]
[72 22 1 48 65 51 28 30 59 40 ]
[40 37 20 77 54 17 18 75 75 66 ]
[20 39 61 4 14 3 67 50 30 50 ]
[24 22 72 25 71 58 76 20 8 55 ]
]
 summ: 3878

lll duration 0

gauss iter : 1125|
gauss duration: 9

10 6 0
---------------------------------------------

dimm: 10 iter: 0 diff: 6|
[[91 73 19 1 69 101 27 97 94 20 ]
[76 5 78 49 11 100 55 113 55 100 ]
[68 91 14 58 9 1 25 4 32 38 ]
[88 3 111 108 4 61 89 32 39 63 ]
[52 116 69 10 45 81 111 101 74 46 ]
[82 23 17 96 81 27 98 107 32 10 ]
[25 0 14 17 108 19 78 77 51 118 ]
[21 103 114 91 114 40 52 105 21 7 ]
[32 103 30 50 80 112 77 58 99 109 ]
[69 5 110 83 22 98 103 101 56 34 ]
]
 summ: 6056

lll duration 0

gauss iter : 1146|
gauss duration: 10

10 6 1
---------------------------------------------

dimm: 10 iter: 1 diff: 6|
[[99 78 18 94 49 12 14 101 118 35 ]
[108 30 19 19 80 99 12 38 37 111 ]
[28 107 117 18 71 19 117 54 1 53 ]
[89 101 11 107 75 60 119 89 42 117 ]
[5 31 28 24 51 108 3 63 26 41 ]
[55 54 29 52 73 100 72 70 35 73 ]
[4 4 55 15 111 11 76 111 100 119 ]
[109 106 31 17 10 82 5 14 26 32 ]
[56 81 87 85 13 40 66 85 111 101 ]
[39 115 106 95 11 97 106 88 89 87 ]
]
 summ: 6155

lll duration 0

gauss iter : 1115|
gauss duration: 11

10 6 2
---------------------------------------------

dimm: 10 iter: 2 diff: 6|
[[87 78 73 118 95 84 81 101 98 107 ]
[14 34 68 101 0 82 22 66 48 13 ]
[48 88 9 34 63 20 12 50 108 101 ]
[17 76 59 90 75 35 55 36 16 34 ]
[23 30 69 92 12 69 55 34 15 103 ]
[47 64 71 56 98 15 77 110 65 66 ]
[91 82 22 30 53 97 66 109 14 82 ]
[23 38 113 92 11 5 42 66 39 58 ]
[50 87 2 2 24 100 17 101 90 83 ]
[48 62 46 70 93 99 48 39 89 63 ]
]
 summ: 5913

lll duration 0

gauss iter : 1132|
gauss duration: 13

10 8 0
---------------------------------------------

dimm: 10 iter: 0 diff: 8|
[[2 150 135 153 114 150 0 10 79 53 ]
[87 146 10 90 148 42 64 12 18 25 ]
[123 82 108 24 17 72 158 82 125 117 ]
[6 127 107 142 121 61 132 121 71 52 ]
[15 159 38 25 90 27 68 155 39 86 ]
[21 3 9 129 27 27 42 26 109 8 ]
[143 116 135 90 98 97 152 71 58 64 ]
[123 74 63 1 99 154 28 7 149 68 ]
[94 10 71 104 140 99 131 23 125 81 ]
[31 108 37 7 39 135 105 31 47 4 ]
]
 summ: 7651

lll duration 0

gauss iter : 1130|
gauss duration: 10

10 8 1
---------------------------------------------

dimm: 10 iter: 1 diff: 8|
[[95 10 78 159 11 17 153 40 25 142 ]
[108 119 153 20 64 134 119 35 158 84 ]
[117 30 32 154 38 72 130 143 103 17 ]
[147 38 27 65 37 39 83 30 80 108 ]
[13 28 68 7 49 132 142 8 8 140 ]
[93 125 10 126 119 48 38 90 31 141 ]
[107 19 19 135 84 57 15 7 88 95 ]
[116 102 124 24 109 13 156 91 21 5 ]
[71 114 130 82 80 90 131 118 20 3 ]
[100 128 22 120 104 106 17 119 114 105 ]
]
 summ: 7791

lll duration 0

gauss iter : 1127|
gauss duration: 14

10 8 2
---------------------------------------------

dimm: 10 iter: 2 diff: 8|
[[54 70 47 18 95 157 31 92 89 53 ]
[97 0 7 67 83 88 158 54 47 19 ]
[57 147 147 79 107 91 26 125 50 141 ]
[71 104 52 118 123 147 116 154 79 45 ]
[48 16 46 56 84 129 144 82 24 32 ]
[101 82 20 89 1 128 20 28 93 71 ]
[9 4 16 61 123 139 49 79 134 128 ]
[124 22 144 11 78 69 140 63 151 5 ]
[95 92 87 116 22 89 84 42 118 17 ]
[114 127 22 130 29 145 110 79 65 84 ]
]
 summ: 7815

lll duration 0

gauss iter : 1132|
gauss duration: 12

10 10 0
---------------------------------------------

dimm: 10 iter: 0 diff: 10|
[[59 37 134 40 51 32 126 28 111 116 ]
[34 31 32 143 176 59 55 81 113 3 ]
[103 56 163 131 19 0 113 157 99 195 ]
[63 158 32 197 199 84 29 125 112 141 ]
[41 147 172 74 91 148 133 146 30 47 ]
[150 133 103 113 65 122 113 178 80 12 ]
[173 143 171 6 141 170 91 171 96 4 ]
[112 138 151 84 12 43 33 146 189 64 ]
[193 139 198 97 52 63 20 166 42 100 ]
[179 15 44 150 22 185 121 113 156 17 ]
]
 summ: 9945

lll duration 0

gauss iter : 1129|
gauss duration: 9

10 10 1
---------------------------------------------

dimm: 10 iter: 1 diff: 10|
[[118 69 156 69 154 168 112 187 115 102 ]
[52 109 42 50 6 95 113 26 61 156 ]
[127 41 171 171 191 194 157 112 108 114 ]
[130 26 183 86 96 137 55 8 125 170 ]
[111 177 79 154 28 85 49 142 112 111 ]
[98 40 153 70 11 144 64 169 57 172 ]
[83 188 199 67 74 95 4 130 104 130 ]
[100 16 108 180 170 136 66 20 78 178 ]
[132 177 18 85 47 30 29 111 0 87 ]
[84 83 75 84 151 150 179 156 80 83 ]
]
 summ: 10355

lll duration 0

gauss iter : 1148|
gauss duration: 14

10 10 2
---------------------------------------------

dimm: 10 iter: 2 diff: 10|
[[86 181 100 195 161 70 131 27 90 10 ]
[6 22 187 25 107 35 56 137 146 56 ]
[25 31 139 100 115 91 51 95 47 132 ]
[179 133 113 79 129 75 149 61 103 40 ]
[71 109 62 59 135 170 94 191 108 41 ]
[47 133 73 187 34 189 78 85 84 125 ]
[17 63 59 131 142 188 7 92 49 110 ]
[132 121 20 195 180 155 165 75 146 73 ]
[117 193 7 190 181 41 179 59 126 64 ]
[185 144 127 44 76 70 33 83 162 83 ]
]
 summ: 10074

lll duration 0

gauss iter : 1138|
gauss duration: 10

12 2 0
---------------------------------------------

dimm: 12 iter: 0 diff: 2|
[[38 19 0 2 18 37 34 11 12 23 26 35 ]
[22 27 33 18 35 29 30 21 2 27 10 28 ]
[36 25 2 2 2 34 19 1 13 20 4 32 ]
[17 38 3 29 21 29 25 3 17 19 22 13 ]
[9 12 34 11 39 4 39 36 30 2 39 32 ]
[36 18 33 10 39 37 3 16 35 6 6 17 ]
[36 32 20 13 11 3 26 20 15 21 32 15 ]
[25 31 11 15 33 10 8 30 29 1 1 28 ]
[39 4 5 34 11 11 11 8 3 32 21 15 ]
[35 8 35 11 29 27 26 15 19 38 31 13 ]
[8 39 4 37 1 5 26 0 10 31 34 22 ]
[3 6 30 7 39 12 22 35 20 17 6 10 ]
]
 summ: 2877

lll duration 0

gauss iter : 1220|
gauss duration: 15

12 2 1
---------------------------------------------

dimm: 12 iter: 1 diff: 2|
[[5 33 26 24 31 18 37 39 18 1 37 19 ]
[7 24 19 18 15 14 1 19 21 31 26 20 ]
[3 8 16 24 26 22 35 32 15 22 16 7 ]
[1 14 6 19 16 4 38 24 28 18 3 4 ]
[32 4 23 13 35 10 34 39 19 10 24 6 ]
[33 20 38 9 3 15 16 4 29 23 23 6 ]
[27 22 31 16 0 34 20 32 38 4 6 34 ]
[15 1 34 34 11 19 0 5 39 39 14 3 ]
[14 30 8 4 13 31 11 1 14 2 17 14 ]
[36 38 7 34 3 14 29 18 15 23 13 27 ]
[2 14 32 2 13 6 6 28 37 14 32 11 ]
[6 3 12 20 5 30 34 2 29 2 36 32 ]
]
 summ: 2674

lll duration 0

gauss iter : 1200|
gauss duration: 16

12 2 2
---------------------------------------------

dimm: 12 iter: 2 diff: 2|
[[16 26 11 31 9 24 18 11 38 11 14 12 ]
[18 20 0 15 34 33 27 0 36 39 21 2 ]
[30 16 5 19 18 1 11 34 27 22 26 37 ]
[7 5 9 6 17 23 18 35 4 18 11 38 ]
[11 38 39 8 37 20 11 27 36 16 6 15 ]
[18 18 10 6 1 37 3 8 2 13 15 19 ]
[37 33 15 1 12 26 0 24 24 0 33 21 ]
[21 4 9 18 21 16 33 0 35 3 6 36 ]
[0 10 5 3 24 20 23 21 14 38 22 26 ]
[24 22 10 8 22 4 30 4 9 0 22 30 ]
[17 15 30 12 19 37 9 20 8 14 23 32 ]
[35 6 13 9 5 35 35 30 18 6 38 1 ]
]
 summ: 2603

lll duration 0

gauss iter : 1213|
gauss duration: 15

12 4 0
---------------------------------------------

dimm: 12 iter: 0 diff: 4|
[[21 59 11 39 60 55 20 15 6 2 40 45 ]
[77 59 5 14 8 52 78 79 66 25 18 77 ]
[17 9 57 55 23 55 58 45 35 70 4 16 ]
[45 25 31 52 28 71 17 25 50 22 39 59 ]
[75 38 58 61 64 77 59 2 6 36 57 30 ]
[12 36 75 47 26 0 63 72 25 15 44 53 ]
[7 62 79 58 5 39 37 0 78 16 62 63 ]
[13 41 65 20 78 43 50 11 79 46 59 25 ]
[46 42 17 71 58 61 45 65 43 45 43 49 ]
[4 1 49 3 17 32 66 31 74 51 51 72 ]
[14 22 4 13 69 63 39 35 25 56 27 4 ]
[37 73 69 1 38 32 51 43 33 20 46 51 ]
]
 summ: 5807

lll duration 0

gauss iter : 1221|
gauss duration: 16

12 4 1
---------------------------------------------

dimm: 12 iter: 1 diff: 4|
[[53 32 2 47 4 54 39 19 77 44 33 66 ]
[27 72 22 53 48 49 57 6 42 46 8 1 ]
[79 59 44 32 79 10 4 53 42 7 20 47 ]
[61 60 66 59 24 19 46 51 11 68 24 60 ]
[38 1 66 0 48 74 2 47 53 46 0 53 ]
[56 4 26 19 11 46 66 73 27 52 53 51 ]
[72 19 22 4 8 47 64 46 48 50 47 17 ]
[45 49 64 18 15 64 72 71 68 19 11 0 ]
[66 77 73 13 50 46 64 42 66 7 46 74 ]
[54 30 40 23 1 8 40 46 57 24 65 73 ]
[9 57 64 78 76 76 78 62 73 72 76 43 ]
[38 60 6 25 67 53 19 41 4 60 64 5 ]
]
 summ: 6069

lll duration 0

gauss iter : 1202|
gauss duration: 16

12 4 2
---------------------------------------------

dimm: 12 iter: 2 diff: 4|
[[68 25 52 46 50 37 39 59 15 24 57 12 ]
[20 55 75 13 47 71 57 6 51 64 32 39 ]
[37 51 0 41 32 65 47 21 11 19 67 61 ]
[57 26 40 72 50 18 4 71 73 79 4 41 ]
[71 62 48 42 46 0 2 4 52 2 46 5 ]
[68 13 26 79 33 13 61 10 40 21 3 10 ]
[40 7 1 33 7 6 75 78 69 44 41 36 ]
[45 43 40 18 46 6 23 35 20 49 35 53 ]
[62 16 64 23 38 67 33 78 75 35 32 3 ]
[42 28 2 31 73 44 68 38 7 28 56 54 ]
[35 0 10 56 49 46 30 32 62 14 55 21 ]
[2 9 20 77 44 53 1 7 2 3 39 75 ]
]
 summ: 5347

lll duration 0

gauss iter : 1213|
gauss duration: 15

12 6 0
---------------------------------------------

dimm: 12 iter: 0 diff: 6|
[[70 41 51 82 84 16 45 18 17 60 102 91 ]
[9 28 20 104 50 103 16 54 116 47 51 64 ]
[8 53 75 11 57 14 5 8 55 56 91 20 ]
[73 16 38 91 77 20 62 87 49 82 71 99 ]
[65 88 34 62 16 86 7 24 19 82 36 77 ]
[97 41 86 33 98 57 53 52 74 91 23 31 ]
[111 86 119 41 48 70 21 114 39 55 56 55 ]
[21 63 80 41 26 116 118 3 38 84 36 17 ]
[22 90 69 96 61 93 8 53 59 7 94 108 ]
[78 115 102 117 51 38 53 73 102 13 114 8 ]
[10 112 12 49 76 49 66 98 19 16 75 81 ]
[109 83 14 49 91 108 37 49 104 19 46 35 ]
]
 summ: 8378

lll duration 0

gauss iter : 1235|
gauss duration: 15

12 6 1
---------------------------------------------

dimm: 12 iter: 1 diff: 6|
[[58 99 109 40 113 103 49 4 95 62 53 52 ]
[112 119 31 11 15 107 93 5 70 107 55 41 ]
[96 92 91 81 111 17 117 49 117 106 90 111 ]
[89 20 115 65 82 48 118 74 48 30 86 64 ]
[17 59 70 88 47 5 9 24 97 100 105 89 ]
[118 102 19 116 88 109 107 58 10 103 4 93 ]
[31 3 47 80 33 14 24 50 74 94 18 2 ]
[100 28 26 77 9 11 46 8 114 66 4 83 ]
[56 112 22 66 95 26 39 7 29 87 88 63 ]
[102 113 114 56 87 13 58 68 41 85 25 51 ]
[97 72 59 91 18 64 55 75 57 77 21 33 ]
[104 61 40 13 28 9 77 10 2 71 67 90 ]
]
 summ: 8993

lll duration 0

gauss iter : 1249|
gauss duration: 20

12 6 2
---------------------------------------------

dimm: 12 iter: 2 diff: 6|
[[84 6 38 6 92 64 57 69 16 117 41 35 ]
[61 96 111 119 54 12 32 38 74 73 52 103 ]
[82 9 114 84 81 61 54 45 68 93 51 40 ]
[37 109 110 54 106 31 89 48 8 80 47 62 ]
[93 79 101 48 32 34 31 114 43 25 79 5 ]
[87 14 50 36 107 102 76 24 91 67 79 78 ]
[98 49 6 107 10 54 50 103 14 32 32 46 ]
[66 63 41 110 89 1 115 56 15 45 93 3 ]
[28 50 28 119 117 107 78 96 36 85 83 46 ]
[19 14 30 33 46 63 80 112 6 2 103 96 ]
[4 98 33 20 24 6 23 52 56 52 52 53 ]
[40 10 29 77 95 113 3 115 7 34 29 54 ]
]
 summ: 8362

lll duration 0

gauss iter : 1235|
gauss duration: 14

12 8 0
---------------------------------------------

dimm: 12 iter: 0 diff: 8|
[[130 146 63 139 150 40 107 156 12 151 23 45 ]
[159 54 115 74 124 26 146 18 40 26 121 8 ]
[17 126 2 28 12 41 100 143 27 4 122 18 ]
[45 70 14 57 61 37 102 61 91 58 136 56 ]
[84 122 75 125 148 36 133 6 2 136 34 15 ]
[17 135 158 45 139 121 63 24 31 77 82 92 ]
[114 25 154 46 84 131 103 9 94 18 134 83 ]
[54 108 89 57 84 124 73 102 99 72 147 79 ]
[33 50 104 64 128 26 157 82 52 152 129 136 ]
[123 72 145 57 90 120 140 145 68 70 43 153 ]
[34 116 96 134 28 83 53 61 134 158 126 103 ]
[25 123 25 77 115 154 53 79 67 38 136 157 ]
]
 summ: 11998

lll duration 0

gauss iter : 1230|
gauss duration: 21

12 8 1
---------------------------------------------

dimm: 12 iter: 1 diff: 8|
[[159 117 143 68 28 26 62 62 143 158 37 11 ]
[82 91 73 57 89 39 0 114 3 26 31 119 ]
[21 85 38 88 124 15 86 123 133 70 31 1 ]
[96 94 64 80 92 102 91 15 33 5 72 123 ]
[45 73 77 48 99 109 8 120 34 47 49 159 ]
[63 135 122 36 46 154 38 142 88 103 63 21 ]
[45 154 36 79 0 109 42 45 22 120 94 121 ]
[69 103 82 104 150 131 103 53 107 66 90 153 ]
[61 129 136 149 72 39 11 118 34 47 37 35 ]
[156 80 80 18 40 15 140 109 118 62 54 108 ]
[34 158 2 142 64 93 136 126 62 113 115 135 ]
[153 127 94 27 14 132 62 11 52 143 30 92 ]
]
 summ: 11342

lll duration 0

gauss iter : 1262|
gauss duration: 19

12 8 2
---------------------------------------------

dimm: 12 iter: 2 diff: 8|
[[159 10 42 117 73 97 66 108 95 69 91 0 ]
[2 68 126 64 21 82 40 14 49 134 42 64 ]
[107 105 76 159 89 106 92 88 117 135 46 31 ]
[72 112 140 8 21 71 9 23 140 135 88 1 ]
[58 129 16 107 104 58 12 51 4 88 50 93 ]
[35 143 22 152 118 68 24 31 20 4 40 42 ]
[76 49 66 56 25 155 58 83 124 74 31 68 ]
[133 43 120 137 132 10 71 7 154 93 0 113 ]
[2 24 144 23 29 25 65 106 74 132 2 99 ]
[127 61 22 92 135 54 1 109 97 121 87 70 ]
[132 158 78 126 92 78 79 95 103 64 118 133 ]
[89 24 79 4 156 81 103 124 143 126 57 118 ]
]
 summ: 11012

lll duration 0

gauss iter : 1202|
gauss duration: 14

12 10 0
---------------------------------------------

dimm: 12 iter: 0 diff: 10|
[[25 73 85 148 25 194 36 191 192 133 150 108 ]
[32 50 27 161 131 175 128 43 5 27 48 1 ]
[129 178 157 108 135 28 57 161 102 142 109 128 ]
[136 145 120 129 79 70 37 111 121 65 73 52 ]
[41 1 95 47 28 144 49 158 122 6 66 58 ]
[35 123 19 137 65 129 66 2 74 186 131 154 ]
[57 169 66 178 35 139 30 76 141 126 123 170 ]
[70 173 128 193 179 195 51 14 119 71 152 185 ]
[0 19 187 75 5 119 29 63 88 95 41 123 ]
[35 72 0 177 198 124 147 69 97 76 62 76 ]
[72 114 91 191 185 44 177 186 63 164 61 69 ]
[83 90 133 172 186 174 96 21 46 96 199 45 ]
]
 summ: 14271

lll duration 0

gauss iter : 1225|
gauss duration: 25

12 10 1
---------------------------------------------

dimm: 12 iter: 1 diff: 10|
[[20 147 114 117 24 177 194 96 91 86 88 77 ]
[130 65 63 194 30 124 64 114 15 197 86 1 ]
[171 182 23 18 79 22 64 99 170 178 17 194 ]
[156 11 90 48 97 179 125 28 44 189 23 74 ]
[113 87 189 128 84 76 130 56 58 154 75 138 ]
[176 139 37 147 118 55 141 75 66 32 123 164 ]
[11 49 193 55 38 16 130 152 104 120 81 189 ]
[196 11 45 55 165 121 193 142 61 31 89 179 ]
[86 31 55 153 63 178 118 74 27 111 130 66 ]
[128 61 18 32 181 99 21 178 111 67 33 76 ]
[189 26 19 50 58 109 30 144 140 85 98 4 ]
[63 16 78 91 128 9 157 56 71 175 89 53 ]
]
 summ: 13617

lll duration 0

gauss iter : 1218|
gauss duration: 19

12 10 2
---------------------------------------------

dimm: 12 iter: 2 diff: 10|
[[75 110 31 186 178 64 63 167 91 82 17 150 ]
[192 48 94 133 133 192 137 196 9 16 88 137 ]
[25 46 193 97 21 83 150 97 193 181 83 172 ]
[46 146 140 138 29 158 88 21 6 183 154 139 ]
[176 92 136 185 108 24 123 134 70 116 31 92 ]
[0 181 190 194 163 73 166 10 20 106 149 49 ]
[64 37 71 70 21 26 10 198 118 146 183 27 ]
[171 106 161 42 23 193 135 23 175 125 17 138 ]
[199 184 148 19 91 97 69 155 135 141 26 157 ]
[167 36 155 86 183 139 114 154 46 75 196 70 ]
[69 131 93 44 57 111 182 56 96 131 76 187 ]
[29 145 143 165 86 169 122 54 6 78 140 189 ]
]
 summ: 15447

lll duration 0

gauss iter : 1213|
gauss duration: 16

14 2 0
---------------------------------------------

dimm: 14 iter: 0 diff: 2|
[[3 10 28 12 26 28 26 39 14 5 8 25 27 5 ]
[37 7 31 12 4 37 1 33 30 18 27 15 29 28 ]
[31 17 26 34 28 15 7 14 3 34 14 17 39 23 ]
[3 27 29 0 34 20 13 39 18 15 33 9 33 20 ]
[24 23 9 15 1 35 10 30 10 17 5 14 11 19 ]
[31 11 3 35 39 32 36 34 13 10 33 31 25 26 ]
[1 19 7 25 2 16 1 4 12 11 34 22 28 39 ]
[37 0 19 29 11 22 24 10 15 21 5 29 31 38 ]
[21 16 25 22 35 33 7 38 9 8 2 21 19 36 ]
[4 8 35 2 8 15 31 20 38 15 31 13 37 36 ]
[2 28 35 24 5 21 6 0 14 13 39 24 22 1 ]
[6 2 37 11 10 33 13 19 8 4 39 6 19 30 ]
[20 17 27 23 5 22 7 10 3 13 11 18 27 10 ]
[2 9 12 8 11 10 20 22 3 33 1 12 37 0 ]
]
 summ: 3703

lll duration 0

gauss iter : 1367|
gauss duration: 27

14 2 1
---------------------------------------------

dimm: 14 iter: 1 diff: 2|
[[19 17 31 0 34 19 24 0 1 32 11 5 5 22 ]
[24 33 33 26 3 5 35 15 15 15 37 19 9 39 ]
[32 6 0 11 24 32 12 19 11 36 19 13 28 30 ]
[19 34 13 3 28 7 30 31 12 25 7 28 1 4 ]
[8 11 3 0 18 4 12 2 36 24 22 7 21 1 ]
[20 9 32 39 4 6 2 32 13 32 24 26 18 31 ]
[14 20 36 22 31 0 23 9 4 35 12 0 20 34 ]
[7 2 35 28 12 28 27 16 34 30 9 8 23 33 ]
[34 2 24 9 22 20 31 13 20 15 23 25 11 35 ]
[25 31 29 33 33 25 21 5 14 9 22 9 0 31 ]
[17 23 25 11 25 10 20 8 31 12 22 12 27 5 ]
[37 39 1 22 31 30 15 24 16 37 30 30 6 13 ]
[0 6 5 17 30 30 28 16 0 9 24 31 22 7 ]
[3 10 12 0 9 14 23 0 5 39 25 21 36 16 ]
]
 summ: 3640

lll duration 0

gauss iter : 1301|
gauss duration: 23

14 2 2
---------------------------------------------

dimm: 14 iter: 2 diff: 2|
[[12 2 29 12 8 34 30 39 25 19 15 26 28 39 ]
[17 10 6 21 21 19 22 30 33 5 30 39 4 16 ]
[20 0 32 33 3 22 6 12 17 36 11 2 15 26 ]
[28 4 26 6 15 32 27 36 12 10 26 6 16 17 ]
[5 20 33 26 21 26 20 25 8 26 37 25 23 8 ]
[28 38 34 17 2 20 23 17 13 11 14 26 21 0 ]
[33 37 18 38 18 12 25 0 38 5 25 7 32 22 ]
[33 15 31 21 14 25 39 17 6 22 35 20 34 9 ]
[6 16 10 39 13 28 38 32 0 24 33 38 29 18 ]
[5 22 1 39 38 32 20 12 18 20 29 24 2 24 ]
[5 37 34 12 13 4 11 27 32 10 19 32 34 12 ]
[31 24 31 37 6 32 36 4 25 17 17 3 37 6 ]
[28 0 31 33 37 25 5 10 30 17 38 22 28 17 ]
[15 22 30 6 6 22 4 13 14 1 18 39 18 35 ]
]
 summ: 4047

lll duration 0

gauss iter : 1372|
gauss duration: 28

14 4 0
---------------------------------------------

dimm: 14 iter: 0 diff: 4|
[[6 33 4 62 34 68 50 29 40 61 51 20 16 47 ]
[65 72 3 16 38 65 30 51 29 39 79 58 41 35 ]
[58 79 26 64 32 31 47 66 19 17 16 59 79 67 ]
[0 16 34 66 9 38 2 47 23 33 19 52 73 18 ]
[31 35 54 9 34 1 74 67 33 42 53 52 59 69 ]
[32 59 57 32 76 12 18 5 50 21 53 73 55 72 ]
[46 48 11 78 3 66 7 38 68 2 25 21 44 79 ]
[74 24 69 26 4 46 59 0 58 78 5 29 20 59 ]
[22 75 51 69 43 63 67 47 50 75 5 38 78 31 ]
[59 42 30 53 67 20 0 71 66 60 71 45 58 77 ]
[74 78 56 17 74 28 6 38 11 74 5 61 70 11 ]
[19 68 42 79 30 73 53 17 13 53 8 0 33 0 ]
[45 12 77 39 11 53 57 5 1 64 43 12 58 49 ]
[74 48 61 14 36 24 13 67 17 67 5 30 40 13 ]
]
 summ: 8106

lll duration 0

gauss iter : 1348|
gauss duration: 33

14 4 1
---------------------------------------------

dimm: 14 iter: 1 diff: 4|
[[30 74 14 76 7 11 36 18 64 13 24 65 77 68 ]
[78 56 38 73 25 19 7 62 43 21 49 61 8 55 ]
[11 49 69 42 44 3 39 51 14 75 70 78 9 14 ]
[64 7 3 63 64 41 56 9 60 64 72 24 6 42 ]
[5 15 17 17 65 6 60 30 9 19 2 24 15 72 ]
[22 25 7 7 32 10 70 17 51 47 26 32 32 19 ]
[56 39 61 61 54 78 78 40 5 58 70 14 78 72 ]
[38 14 65 61 39 72 69 71 2 60 8 54 28 35 ]
[6 60 54 63 19 36 44 74 34 43 34 40 22 25 ]
[54 20 17 13 34 2 75 74 74 65 65 77 45 74 ]
[52 73 30 59 54 5 42 74 41 6 68 76 50 23 ]
[36 72 48 11 13 66 24 48 68 20 42 63 5 28 ]
[61 51 23 34 44 53 13 18 59 55 13 20 62 1 ]
[16 32 25 52 25 74 63 39 60 8 7 49 29 50 ]
]
 summ: 7924

lll duration 0

gauss iter : 1333|
gauss duration: 26

14 4 2
---------------------------------------------

dimm: 14 iter: 2 diff: 4|
[[33 35 79 14 6 22 49 50 76 62 69 55 37 2 ]
[76 20 4 12 53 30 65 78 24 48 37 5 57 45 ]
[55 6 16 8 41 16 23 47 38 72 18 35 55 8 ]
[11 13 11 7 33 15 20 6 46 5 5 71 54 43 ]
[77 31 9 52 38 25 61 79 41 5 47 0 78 66 ]
[36 53 74 47 66 5 55 20 21 76 27 67 1 32 ]
[58 55 75 55 7 4 28 45 30 10 45 71 15 12 ]
[72 14 79 28 67 73 76 54 79 52 75 21 48 22 ]
[9 49 54 68 25 50 44 33 54 72 78 4 2 43 ]
[76 18 56 69 32 55 17 20 49 14 74 49 67 70 ]
[71 35 12 0 5 67 68 31 37 32 64 12 24 62 ]
[17 27 26 13 45 3 2 77 59 20 18 29 35 12 ]
[79 22 3 70 57 15 70 63 2 58 14 40 10 78 ]
[52 35 61 69 63 8 3 28 11 6 26 71 27 45 ]
]
 summ: 7620

lll duration 0

gauss iter : 1414|
gauss duration: 40

14 6 0
---------------------------------------------

dimm: 14 iter: 0 diff: 6|
[[31 94 86 29 8 91 14 95 114 0 70 119 88 91 ]
[59 104 90 18 38 62 3 12 75 8 56 92 18 96 ]
[79 59 44 111 33 11 20 42 102 35 17 97 36 87 ]
[97 4 59 36 109 29 55 27 91 59 40 47 67 96 ]
[19 86 73 99 25 118 90 59 9 111 101 112 27 118 ]
[90 63 86 67 68 25 104 57 55 40 84 27 99 5 ]
[74 47 101 94 13 55 73 39 53 44 98 62 36 80 ]
[55 64 79 25 7 45 93 76 71 77 14 6 118 99 ]
[33 97 104 107 24 85 81 37 21 35 76 74 79 55 ]
[17 116 16 72 60 95 98 68 21 71 24 92 29 38 ]
[98 27 18 11 5 2 119 29 88 80 67 109 115 24 ]
[64 75 79 81 72 96 34 12 71 13 80 93 85 105 ]
[65 114 24 44 22 42 56 27 44 55 57 13 16 4 ]
[2 11 28 66 87 108 27 40 84 62 52 36 75 13 ]
]
 summ: 11616

lll duration 0

gauss iter : 1339|
gauss duration: 31

14 6 1
---------------------------------------------

dimm: 14 iter: 1 diff: 6|
[[9 40 119 75 35 24 119 58 67 55 85 112 111 23 ]
[5 7 27 7 19 56 73 107 44 101 27 9 44 79 ]
[46 119 93 56 40 92 11 76 117 11 14 64 67 100 ]
[56 58 3 61 65 31 68 84 87 22 71 11 4 99 ]
[21 48 58 67 48 32 3 88 4 15 45 1 26 59 ]
[66 94 40 2 32 44 63 98 75 12 62 42 35 14 ]
[54 39 113 75 88 52 23 16 84 27 105 89 42 30 ]
[91 69 90 37 43 10 40 76 54 103 54 9 116 117 ]
[52 31 12 106 71 6 62 39 58 85 56 23 113 41 ]
[113 36 71 84 105 41 2 29 52 42 105 107 26 40 ]
[117 23 37 49 55 49 36 6 55 98 46 114 64 102 ]
[18 57 23 11 93 95 96 79 17 98 109 69 20 94 ]
[57 47 15 54 70 52 103 5 102 19 12 38 118 59 ]
[33 62 41 51 0 65 62 94 41 38 54 58 17 43 ]
]
 summ: 10851

lll duration 0

gauss iter : 1338|
gauss duration: 30

14 6 2
---------------------------------------------

dimm: 14 iter: 2 diff: 6|
[[8 38 18 65 85 33 119 36 85 103 42 68 3 55 ]
[106 1 114 19 64 36 71 65 101 13 39 23 52 93 ]
[81 69 17 90 108 35 35 73 68 35 110 34 19 32 ]
[102 22 87 89 23 82 109 88 118 60 33 100 74 73 ]
[3 7 47 85 77 64 55 65 99 91 19 48 6 9 ]
[82 26 41 65 48 9 34 72 91 23 41 90 83 74 ]
[70 38 28 74 45 76 39 2 20 94 67 0 65 86 ]
[48 72 95 11 98 17 76 27 27 110 100 119 14 21 ]
[90 98 96 40 16 5 115 62 81 34 64 101 8 11 ]
[102 74 98 31 27 74 42 6 92 119 33 119 109 13 ]
[119 4 35 89 102 11 10 119 16 5 61 98 39 5 ]
[80 48 17 62 2 116 94 29 70 16 35 42 15 69 ]
[42 5 83 41 10 118 10 113 10 21 112 27 26 54 ]
[5 65 59 85 113 77 28 116 74 2 25 24 19 61 ]
]
 summ: 11007

lll duration 0

gauss iter : 1324|
gauss duration: 28

14 8 0
---------------------------------------------

dimm: 14 iter: 0 diff: 8|
[[89 46 14 146 54 125 41 68 123 56 58 137 84 48 ]
[14 119 121 21 46 40 136 38 144 14 33 83 17 68 ]
[116 43 150 46 89 4 32 144 130 74 52 93 130 111 ]
[71 55 0 86 14 121 107 61 2 84 100 147 98 133 ]
[71 115 41 27 159 32 73 89 36 106 73 6 20 126 ]
[100 151 78 12 46 78 98 61 40 46 122 43 130 62 ]
[30 69 36 101 25 78 128 24 110 42 113 147 149 26 ]
[154 10 152 94 1 71 107 48 149 45 109 30 92 72 ]
[73 63 135 103 132 11 45 157 90 14 21 40 56 134 ]
[27 46 1 21 56 154 116 57 65 64 106 54 110 55 ]
[85 42 128 158 106 103 101 78 115 146 75 46 0 97 ]
[86 57 71 114 103 72 136 0 66 93 57 131 158 4 ]
[26 108 59 111 151 28 109 97 132 51 15 88 38 91 ]
[134 39 28 61 97 99 16 41 12 152 41 78 86 99 ]
]
 summ: 15050

lll duration 0

gauss iter : 1329|
gauss duration: 25

14 8 1
---------------------------------------------

dimm: 14 iter: 1 diff: 8|
[[50 84 103 77 33 3 29 24 32 139 121 4 30 137 ]
[92 69 68 67 109 97 128 47 36 144 88 49 137 130 ]
[128 63 70 18 148 13 96 21 17 125 45 50 104 7 ]
[54 135 144 147 45 53 54 154 150 22 41 27 7 130 ]
[76 144 100 44 48 10 63 36 24 0 57 42 125 103 ]
[92 69 110 147 45 95 134 90 149 29 84 139 52 126 ]
[7 59 96 83 44 37 128 92 48 32 128 72 32 26 ]
[115 158 130 47 67 80 35 113 16 9 43 5 39 128 ]
[145 91 94 152 150 31 76 35 68 45 127 116 77 96 ]
[29 110 123 144 108 93 32 16 13 68 129 30 78 13 ]
[36 117 141 21 48 76 14 39 108 90 74 17 135 42 ]
[134 53 138 3 3 101 148 111 34 21 127 48 89 97 ]
[79 7 110 115 125 92 136 13 9 150 53 117 81 128 ]
[134 56 10 109 109 149 113 113 90 101 64 125 123 32 ]
]
 summ: 15194

lll duration 0

gauss iter : 1324|
gauss duration: 23

14 8 2
---------------------------------------------

dimm: 14 iter: 2 diff: 8|
[[14 53 130 93 61 81 48 26 13 25 40 22 16 93 ]
[140 97 61 115 154 71 64 103 61 17 56 151 119 121 ]
[117 83 154 131 136 124 65 38 45 114 64 59 139 104 ]
[82 156 38 62 93 99 17 87 11 82 31 72 99 87 ]
[64 58 49 22 141 43 154 118 8 59 156 54 14 61 ]
[113 154 6 35 150 44 98 83 144 116 10 156 38 41 ]
[69 137 129 134 36 19 156 18 63 151 137 72 51 133 ]
[126 65 35 80 59 41 116 49 85 54 132 70 11 143 ]
[66 49 25 135 27 155 109 64 15 106 82 78 97 60 ]
[150 148 33 117 53 68 37 112 110 154 2 35 49 134 ]
[105 60 118 12 109 144 147 137 139 96 41 154 42 124 ]
[73 139 24 64 128 58 21 21 127 59 134 77 53 136 ]
[113 102 111 59 2 69 71 112 53 58 90 33 155 132 ]
[28 38 96 101 18 121 6 146 20 27 8 148 87 142 ]
]
 summ: 15952

lll duration 0

gauss iter : 1357|
gauss duration: 25

14 10 0
---------------------------------------------

dimm: 14 iter: 0 diff: 10|
[[82 175 147 24 104 86 98 107 173 188 48 40 61 161 ]
[82 56 127 118 104 48 45 128 0 53 111 25 88 121 ]
[10 197 99 93 172 47 117 76 133 16 184 107 4 33 ]
[148 66 195 31 122 122 149 27 170 195 156 170 49 67 ]
[196 137 189 7 134 89 100 107 136 18 184 70 35 169 ]
[177 40 2 125 107 197 156 30 120 106 57 90 102 14 ]
[61 151 82 57 89 71 65 24 160 166 131 97 185 116 ]
[167 21 85 144 61 88 70 168 86 27 198 6 133 56 ]
[97 36 70 158 187 152 16 76 24 81 100 185 47 32 ]
[82 33 148 50 54 34 194 115 122 65 84 9 92 83 ]
[15 26 139 112 62 10 71 50 163 87 126 187 168 27 ]
[173 16 60 55 50 9 105 104 43 100 20 166 166 105 ]
[175 58 188 191 85 128 103 148 139 175 198 102 62 125 ]
[90 31 153 63 48 13 119 98 22 25 3 66 125 23 ]
]
 summ: 18811

lll duration 0

gauss iter : 1313|
gauss duration: 24

14 10 1
---------------------------------------------

dimm: 14 iter: 1 diff: 10|
[[33 92 129 9 151 117 0 36 46 104 184 185 79 182 ]
[88 142 107 178 173 60 41 22 74 161 120 97 186 123 ]
[164 112 147 197 4 76 7 155 194 8 192 40 113 176 ]
[26 193 159 114 135 67 93 109 128 134 131 3 96 51 ]
[100 82 175 64 194 123 62 198 199 70 154 193 78 146 ]
[34 191 123 61 184 83 175 119 150 68 29 79 3 160 ]
[82 99 11 182 181 187 47 176 110 110 175 110 180 129 ]
[104 58 76 138 50 199 199 34 83 175 154 33 43 183 ]
[113 47 144 196 147 156 179 128 143 26 105 53 137 80 ]
[163 117 9 67 176 86 6 26 85 6 61 168 181 16 ]
[2 25 0 116 73 144 112 20 100 91 149 44 118 54 ]
[97 55 134 61 172 144 129 148 30 136 175 116 142 36 ]
[85 124 53 87 150 53 4 23 197 116 43 98 8 192 ]
[142 126 46 40 181 181 102 154 125 31 103 156 168 78 ]
]
 summ: 20858

lll duration 0

gauss iter : 1347|
gauss duration: 28

14 10 2
---------------------------------------------

dimm: 14 iter: 2 diff: 10|
[[72 110 115 157 35 168 45 185 21 49 8 19 166 51 ]
[118 174 44 60 100 90 101 82 72 3 36 197 35 139 ]
[153 3 17 26 114 133 183 149 101 29 134 123 78 142 ]
[142 45 194 60 19 39 121 120 130 22 2 2 26 38 ]
[0 61 178 153 64 195 180 178 129 163 128 30 192 62 ]
[153 71 5 96 116 0 157 136 39 79 56 169 101 58 ]
[171 128 97 171 189 75 125 54 71 105 32 0 69 160 ]
[31 61 23 185 133 28 81 50 28 38 186 67 117 42 ]
[36 19 101 7 147 199 179 137 75 104 191 147 9 24 ]
[148 78 185 179 140 8 164 74 36 46 124 65 85 110 ]
[133 2 153 169 22 54 177 170 54 157 107 129 61 98 ]
[77 71 122 25 150 107 5 91 116 170 165 153 16 89 ]
[18 101 199 152 104 153 122 126 8 100 97 62 57 4 ]
[192 118 103 69 190 26 95 140 134 100 31 50 70 197 ]
]
 summ: 18741

lll duration 0

gauss iter : 1378|
gauss duration: 30

